EPY141001 -62 -36 34
EPY141003 -48 -38 52
EPY141004 -56 -52 44
EPY141006 -56 -48 35
EPY141007 -58 -50 36
EPY141008 -56 -54 40
EPY141009 -58 -38 30
EPY141010 -52 -50 38
EPY141011 -48 -60 34
EPY141012 -40 -64 36
EPY141013 -56 -54 40
EPY141014 -56 -54 40
EPY141015 -58 -50 40
EPY141020 -44 -68 38
EPY141021 -56 -54 40
EPY141022 -60 -50 36
EPY141025 -42 -72 36
EPY141026 -48 -34 44
EPY141027 -54 -30 46
EPY141028 -46 -60 30
EPY141029 -54 -44 52
EPY141030 -48 -40 48
EPY141031 -52 -38 50
EPY141032 -56 -54 40
EPY141033 -60 -50 32
P14325 -52 -66 32
P15698 -42 -54 46
P17528 -54 -46 48
P22793 -54 -42 34
P29083 -56 -42 42
P321456 -38 -48 40
P35701 -46 -38 42
P36941 -54 -42 42
P45792 -50 -58 24
P47268 -60 -50 40
P49012 -52 -56 44
P51357 -56 -46 24
P53791 -54 -45 49
P55533 -48 -66 42
P57893 -52 -50 26
P57933 -58 -58 32
P61137 -40 -72 46
P67641 -56 -48 48
P69581 -60 -54 34
P71985 -52 -46 42
P86420 -42 -62 54
P89922 -54 -54 35
P92648 -52 -50 50
P92855 -56 -54 40
P94998 -56 -54 40
P95532 -48 -44 28
