EPY141001 -38 22 38
EPY141003 -36 24 38
EPY141004 -46 22 40
EPY141006 -40 38 32
EPY141007 -38 30 38 
EPY141008 -36 24 38 
EPY141009 -42 32 34
EPY141010 -38 18 28
EPY141011 -40 34 32
EPY141012 -36 46 30
EPY141013 -36 22 38
EPY141014 -36 24 38
EPY141015 -34 26 46
EPY141020 -32 18 52
EPY141021 -36 24 38
EPY141022 -44 40 26
EPY141025 -50 16 38
EPY141026 -30 34 44
EPY141027 -36 34 36
EPY141028 -36 24 38
EPY141029 -42 34 34
EPY141030 -36 24 38
EPY141031 -42 26 40
EPY141032 -24 32 42
EPY141033 -28 38 24
P14325 -24 25 48
P15698 -36 12 48
P17528 -46 30 36
P22793 -34 32 44
P29083 -34 28 44
P321456 -34 12 56
P35701 -36 24 38
P36941 -36 24 38
P45792 -38 38 34
P47268 -46 18 46
P49012 -32 40 30
P51357 -32 34 42
P53791 -34 18 50
P55533 -42 20 50
P57893 -34 26 42
P57933 -36 24 38
P61137 -40 24 44
P67641 -40 28 36
P69581 -38 20 42
P71985 -36 40 34
P86420 -42 32 32
P89922 -38 28 36
P92648 -40 20 40
P92855 -46 24 32
P94998 -42 16 48
P95532 -32 40 34
