EPY141001 -36 -56 -20
EPY141003 -42 -60 -18 
EPY141004 -36 -52 -20
EPY141006 -42 -48 -24
EPY141007 -38 -58 -18
EPY141008 -38 -56 -16
EPY141009 -40 -54 -20
EPY141010 -36 -58 -20
EPY141011 -40 -42 -24
EPY141012 -37 -60 -18
EPY141013 -40 -40 -22
EPY141014 -34 -42 -22
EPY141015 -33 -48 -22
EPY141020 -36 -58 -20
EPY141021 -36 -60 -20
EPY141022 -38 -52 -22
EPY141025 -32 -54 -18
EPY141026 -40 -52 -18
EPY141027 -34 -44 -22
EPY141028 -38 -46 -20
EPY141029 -40 -52 -22
EPY141030 -42 -56 -14
EPY141031 -44 -52 -20
EPY141032 -38 -62 -18
EPY141033 -36 -48 -24
P14325 -40 -44 -24
P15698 -38 -42 -22
P17528 -34 -46 -20
P22793 -36 -54 -20
P29083 -38 -44 -20
P321456 -42 -40 -18
P35701 -40 -50 -20
P36941 -40 -46 -22
P45792 -40 -56 -20
P47268 -36 -48 -22
P49012 -44 -44 -30
P51357 -42 -46 -14
P53791 -33 -44 -24
P55533 -38 -50 -22
P57893 -34 -48 -20
P57933 -42 -40 -24
P61137 -38 -50 -20
P67641 -42 -40 -16
P69581 -40 -55 -22
P71985 -44 -60 -20
P86420 -36 -50 -20
P89922 -40 -44 -22
P92648 -42 -48 -24
P92855 -42 -54 -20
P94998 -38 -50 -24
P95532 -38 -42 -24
