EPY141001 -32 26 6
EPY141003 -30 18 -8
EPY141004 -36 16 -14
EPY141006 -40 12 -6
EPY141007 -32 20 8
EPY141008 -30 18 10
EPY141009 -34 20 4
EPY141010 -40 8 -2
EPY141011 -32 18 -12
EPY141012 -34 12 10
EPY141013 -40 9 -4
EPY141014 -34 24 6
EPY141015 -44 14 -2
EPY141020 -32 26 6
EPY141021 -30 18 -8
EPY141022 -30 18 6
EPY141025 -36 14 4
EPY141026 -30 18 -8
EPY141027 -30 26 4
EPY141028 -34 16 6
EPY141029 -32 18 -10
EPY141030 -30 18 -8
EPY141031 -38 18 6
EPY141032 -30 18 -8
EPY141033 -40 10 -2
P14325 -40 16 -2
P15698 -32 24 6
P17528 -40 12 4
P22793 -24 20 -6
P29083 -38 18 2
P321456 -30 18 -8
P35701 -32 20 8
P36941 -30 18 -14
P45792 -32 18 12
P47268 -32 22 4
P49012 -38 18 0
P51357 -40 16 -2
P53791 -30 22 10
P55533 -40 19 -10
P57893 -30 24 -4
P57933 -42 20 0
P61137 -30 18 -8 
P67641 -32 20 -10
P69581 -28 18 -12
P71985 -30 18 -8
P86420 -30 18 -10
P89922 -30 18 -10
P92648 -32 22 10
P92855 -30 18 -8
P94998 -34 18 -2
P95532 -38 12 0
