EPY141001 58 -44 30
EPY141003 58 -44 30
EPY141004 48 -60 46
EPY141006 58 -44 26
EPY141007 60 -52 18
EPY141008 58 -44 30
EPY141009 54 -46 34
EPY141010 58 -44 30
EPY141011 60 -42 38
EPY141012 58 -44 30
EPY141013 58 -44 30
EPY141014 58 -44 30
EPY141015 64 -46 28
EPY141020 60 -48 32
EPY141021 58 -44 30
EPY141022 58 -44 30
EPY141025 58 -50 36
EPY141026 32 -72 50
EPY141027 58 -44 30
EPY141028 52 -48 38
EPY141029 58 -44 30
EPY141030 58 -44 30
EPY141031 62 -42 28
EPY141032 58 -44 30
EPY141033 62 -42 44
P14325 62 -46 22
P15698 58 -44 30
P17528 54 -70 32
P22793 54 -46 34
P29083 58 -60 24
P321456 58 -44 30
P35701 58 -44 30
P36941 56 -56 24
P45792 58 -44 30
P47268 58 -44 30
P49012 58 -44 30
P51357 60 -56 32
P53791 58 -44 30
P55533 58 -44 30
P57893 58 -44 30
P57933 60 -48 30
P61137 58 -44 30
P67641 58 -44 30
P69581 52 -46 34
P71985 64 -42 32
P86420 58 -44 30
P89922 56 -50 44
P92648 58 -44 30
P92855 58 -44 30
P94998 58 -44 30
P95532 58 -44 30
