EPY141001 32 22 -2
EPY141003 32 22 -2
EPY141004 32 22 -2
EPY141006 32 22 -2
EPY141007 32 22 -2
EPY141008 32 22 -2
EPY141009 40 22 2
EPY141010 32 22 -2
EPY141011 34 26 0
EPY141012 34 14 7
EPY141013 32 22 -2
EPY141014 32 22 -2
EPY141015 32 22 0
EPY141020 36 22 8
EPY141021 32 22 -2
EPY141022 32 22 -2
EPY141025 40 22 -6
EPY141026 32 22 -2
EPY141027 40 22 -2
EPY141028 42 20 -4
EPY141029 34 22 -2
EPY141030 32 22 -2
EPY141031 42 28 -2
EPY141032 32 22 -2
EPY141033 30 20 -8
P14325 32 22 -2
P15698 32 22 -2
P17528 32 22 -2
P22793 34 20 -12
P29083 36 28 0
P321456 32 22 -2
P35701 32 22 -2
P36941 40 22 -8
P45792 32 22 -2
P47268 32 22 -2
P49012 32 22 -2
P51357 34 22 -8
P53791 32 22 -2
P55533 54 24 -4
P57893 32 22 -2
P57933 36 20 -16
P61137 32 22 -2
P67641 32 22 -2
P69581 48 26 -2
P71985 36 24 -10
P86420 32 22 -2
P89922 38 20 -12
P92648 32 22 -2
P92855 32 22 -2
P94998 36 22 -6
P95532 32 22 -2
