EPY141001 30 40 26
EPY141003 38 36 32
EPY141004 40 20 42
EPY141006 42 30 42
EPY141007 38 36 32
EPY141008 38 36 32
EPY141009 38 24 44
EPY141010 38 36 32
EPY141011 52 22 26
EPY141012 36 44 32
EPY141013 38 36 32
EPY141014 38 36 32
EPY141015 38 26 36
EPY141020 28 32 32
EPY141021 38 36 32
EPY141022 38 36 32
EPY141025 36 34 32
EPY141026 32 42 28
EPY141027 36 46 28
EPY141028 30 44 34
EPY141029 36 30 34
EPY141030 38 36 32
EPY141031 50 32 30
EPY141032 38 36 32
EPY141033 40 40 30
P14325 32 38 28
P15698 38 36 32
P17528 32 36 44
P22793 38 36 32
P29083 26 30 34
P321456 38 36 32
P35701 42 22 28
P36941 28 42 36
P45792 38 42 34
P47268 38 36 32
P49012 34 38 30
P51357 40 40 30
P53791 48 28 34
P55533 34 34 44
P57893 38 36 32
P57933 42 26 40
P61137 38 36 32
P67641 38 36 32
P69581 42 28 36
P71985 32 40 32
P86420 38 36 32
P89922 42 24 40
P92648 38 36 32
P92855 38 36 32
P94998 38 36 32
P95532 38 36 32
