EPY141001 48 -76 -8
EPY141003 42 -86 -4
EPY141004 40 -78 -10
EPY141006 40 -64 -14
EPY141007 42 -62 -18
EPY141008 46 -78 -8
EPY141009 36 -72 -18
EPY141010 34 -80 -14
EPY141011 44 -76 -10
EPY141012 40 -84 -8
EPY141013 48 -74 -6
EPY141014 38 -86 -12
EPY141015 46 -82 -4
EPY141020 42 -76 -6
EPY141021 40 -82 -10
EPY141022 44 -80 -12
EPY141025 40 -72 -12
EPY141026 44 -80 -8
EPY141027 46 -72 -8
EPY141028 38 -76 -16
EPY141029 40 -78 -10
EPY141030 44 -70 -6
EPY141031 44 -86 -10
EPY141032 44 -82 -10
EPY141033 42 -80 -8
P14325 38 -86 -12
P15698 50 -78 0
P17528 42 -80 -10
P22793 40 -78 -14
P29083 46 -66 -16
P321456 44 -78 -6
P35701 44 -72 -14
P36941 42 -72 -12
P45792 38 -72 -18
P47268 42 -84 -2
P49012 44 -80 -10
P51357 44 -72 -14
P53791 38 -82 -12
P55533 44 -76 -8
P57893 36 -80 -14
P57933 38 -74 -18
P61137 40 -78 -12
P67641 42 -84 -2
P69581 46 -78 -14
P71985 38 -88 -8
P86420 42 -76 -10
P89922 46 -66 -16
P92648 40 -66 -16
P92855 44 -86 -8
P94998 48 -80 -4
P95532 40 -82 -8
