EPY141001 38 -28 12
EPY141003 38 -28 12
EPY141004 38 -28 12
EPY141006 48 -30 22
EPY141007 36 -26 16
EPY141008 38 -28 12
EPY141009 34 -26 18
EPY141010 38 -28 12
EPY141011 38 -28 12
EPY141012 38 -28 12
EPY141013 44 -32 24
EPY141014 42 -32 20
EPY141015 38 -28 12
EPY141020 38 -28 12
EPY141021 38 -28 16
EPY141022 38 -28 12
EPY141025 38 -28 12
EPY141026 48 -26 10
EPY141027 38 -28 12
EPY141028 38 -28 12
EPY141029 50 -30 26
EPY141030 36 -32 20
EPY141031 38 -28 12
EPY141032 40 -20 8
EPY141033 38 -28 12
P14325 38 -28 12
P15698 38 -28 12
P17528 38 -28 12
P22793 38 -28 12
P29083 38 -28 12
P321456 38 -28 12
P35701 38 -28 12
P36941 38 -28 12
P45792 42 -8 4
P47268 38 -28 12
P49012 38 -28 12
P51357 38 -28 12
P53791 38 -28 12
P55533 38 -28 12
P57893 38 -28 12
P57933 38 -28 12
P61137 38 -28 12
P67641 48 -20 12
P69581 38 -28 12
P71985 38 -28 12
P86420 50 -30 28
P89922 38 -28 12
P92648 38 -28 12
P92855 38 -28 12
P94998 38 -28 12
P95532 38 -28 12
